City,Country,Date,Lat,Lng,Cloudiness (%),Humidity (%),Max Temp (F),Wind Speed (mph)
Pevek,RU,1654732134,69.7008,170.3133,82,69,41.99,3.24
Bhiwandi,IN,1654732134,19.3,73.0667,98,71,85.86,4.41
George Town,MY,1654732135,5.4112,100.3354,20,93,80.53,3.44
Barrow,US,1654732135,71.2906,-156.7887,100,80,28.42,4.61
Katherine,AU,1654732135,-14.4667,132.2667,100,28,70.12,14.97
Boa Vista,BR,1654731906,2.8197,-60.6733,40,74,82.38,3.44
Bluff,NZ,1654732136,-46.6,168.3333,85,85,46.8,7.54
Vardø,NO,1654732136,70.3705,31.1107,60,81,40.98,5.75
Vao,NC,1654732137,-22.6667,167.4833,100,82,69.26,16.6
Westport,US,1654731942,41.1415,-73.3579,0,53,80.42,8.05
Tasiilaq,GL,1654731923,65.6145,-37.6368,8,70,39.36,2.89
Busselton,AU,1654732137,-33.65,115.3333,67,56,59.83,15.84
Cherskiy,RU,1654732138,68.75,161.3,78,49,58.89,11.39
Ponta do Sol,PT,1654732138,32.6667,-17.1,8,84,71.71,3.76
Dudinka,RU,1654732139,69.4058,86.1778,90,61,40.62,5.59
Natal,BR,1654731897,-5.795,-35.2094,20,94,79.02,4.61
Hermanus,ZA,1654732139,-34.4187,19.2345,17,86,61.52,11.65
Ust-Nera,RU,1654732139,64.5667,143.2,74,55,48.11,4.41
Punta Arenas,CL,1654731933,-53.15,-70.9167,40,80,35.71,21.85
Atuona,PF,1654732140,-9.8,-139.0333,33,73,78.37,18.28
Ushuaia,AR,1654732000,-54.8,-68.3,75,87,35.26,20.71
East London,ZA,1654732141,-33.0153,27.9116,0,33,66.54,6.35
Longyan,CN,1654732141,25.1072,117.0225,100,99,71.2,2.82
Saint Paul Harbor,US,1654732142,57.79,-152.4072,75,55,62.11,8.05
Port Lincoln,AU,1654732142,-34.7333,135.8667,96,71,55.35,11.97
Arrondissement d'Arcachon,FR,1654732143,44.5875,-1.0519,20,94,57.52,3.44
Kapaa,US,1654732143,22.0752,-159.319,20,74,82.47,11.5
Mataura,NZ,1654732144,-46.1927,168.8643,90,86,46.47,1.63
Kahului,US,1654732144,20.8947,-156.47,40,43,89.62,20.71
Airai,TL,1654732145,-8.9266,125.4092,84,97,59.4,2.06
Vaini,TO,1654732145,-21.2,-175.2,40,69,78.96,6.91
New Norfolk,AU,1654731924,-42.7826,147.0587,92,74,49.5,5.01
Bowen,AU,1654732146,-20.0167,148.2333,18,51,63.93,8.3
Ixtapa,MX,1654732146,20.7,-105.2,67,81,78.22,4.0
Byron Bay,AU,1654732146,-28.65,153.6167,0,49,55.71,4.25
Fes,MA,1654732147,34.0372,-4.9998,0,49,71.85,10.36
Marathon,US,1654732147,44.9,-89.7668,40,56,69.33,5.75
Namatanai,PG,1654732147,-3.6667,152.4333,38,61,83.7,6.51
Baie-Comeau,CA,1654732149,49.2168,-68.1489,100,100,51.48,9.22
Tyshkivka,UA,1654732149,48.4967,30.9423,69,61,67.21,7.0
Husavik,IS,1654732149,66.0449,-17.3389,100,91,46.92,3.09
Rikitea,PF,1654732150,-23.1203,-134.9692,48,64,72.9,13.69
Vakhrushev,RU,1654732150,48.9833,142.9667,100,85,44.47,8.97
Traverse City,US,1654732150,44.7631,-85.6206,100,78,64.47,4.61
Bethel,US,1654732151,41.3712,-73.414,0,58,79.16,3.44
Oktyabr'skoye,RU,1654732151,43.0645,44.7417,95,87,59.14,2.24
Thompson,CA,1654731913,55.7435,-97.8558,75,72,59.16,2.3
Hastings,GB,1654732152,50.8552,0.5729,5,77,57.29,14.9
Aksu,CN,1654732153,41.1231,80.2644,9,21,72.9,2.19
Alice Springs,AU,1654732153,-23.7,133.8833,40,81,45.95,2.3
Qaanaaq,GL,1654732153,77.484,-69.3632,72,92,28.99,3.18
Pochutla,MX,1654732154,15.7432,-96.4661,97,79,76.82,2.77
Zhigansk,RU,1654732154,66.7697,123.3711,54,38,68.05,3.04
Amga,RU,1654732154,60.8953,131.9608,16,37,71.83,8.66
Cidreira,BR,1654732155,-30.1811,-50.2056,2,85,62.92,11.77
Bambous Virieux,MU,1654732155,-20.3428,57.7575,40,88,71.85,4.61
Hambantota,LK,1654732156,6.1241,81.1185,100,82,79.21,16.42
Itaituba,BR,1654732156,-4.2761,-55.9836,20,78,82.56,0.0
Avarua,CK,1654732157,-21.2078,-159.775,75,69,78.85,4.61
Yellowknife,CA,1654731914,62.456,-114.3525,20,27,75.72,12.66
Jumla,NP,1654732157,29.2747,82.1838,48,83,59.76,1.9
Asău,RO,1654732158,46.4333,26.4,81,100,56.32,3.33
Te Anau,NZ,1654732158,-45.4167,167.7167,94,93,44.42,2.51
Tiksi,RU,1654732158,71.6872,128.8694,13,60,43.83,9.19
Saskylakh,RU,1654732159,71.9167,114.0833,66,64,59.16,6.15
Isangel,VU,1654732160,-19.55,169.2667,94,64,81.14,12.28
Magadan,RU,1654732160,59.5667,150.8,97,86,47.53,6.64
Ribeira Grande,PT,1654732160,38.5167,-28.7,17,94,65.25,15.14
Kimbe,PG,1654732161,-5.5502,150.1429,93,68,84.24,1.48
Poum,NC,1654732161,-20.2333,164.0167,98,78,74.8,10.85
Tuktoyaktuk,CA,1654732162,69.4541,-133.0374,100,75,33.8,12.66
Bredasdorp,ZA,1654732162,-34.5322,20.0403,12,87,60.91,13.38
Tvedestrand,NO,1654732162,58.622,8.9315,35,90,51.35,7.81
Leh,IN,1654732163,34.1667,77.5833,75,76,46.65,5.3
Okhotsk,RU,1654732163,59.3833,143.3,100,81,45.66,10.31
Jamestown,US,1654732163,42.097,-79.2353,0,57,66.02,9.22
Nikolskoye,RU,1654732164,59.7035,30.7861,100,98,61.88,6.31
Karratha,AU,1654732165,-20.7377,116.8463,100,54,71.26,10.96
Bishopbriggs,GB,1654732165,55.9067,-4.2187,100,92,55.65,10.0
Ipixuna,BR,1654732165,-1.7625,-48.8043,99,97,73.58,3.0
Kaitangata,NZ,1654731912,-46.2817,169.8464,87,79,46.65,3.62
Bengkulu,ID,1654732166,-3.8004,102.2655,99,92,74.68,3.6
Cape Town,ZA,1654731928,-33.9258,18.4232,30,91,61.12,5.75
Butaritari,KI,1654732166,3.0707,172.7902,60,72,81.99,11.81
Hay River,CA,1654732167,60.8156,-115.7999,40,37,71.56,12.66
Castro,BR,1654732167,-24.7911,-50.0119,28,96,52.79,3.24
Angoulême,FR,1654732167,45.65,0.15,0,89,56.35,4.61
Båtsfjord,NO,1654732168,70.6345,29.7185,36,70,42.73,6.91
Port Alfred,ZA,1654732168,-33.5906,26.891,0,39,67.3,12.55
Saint Lawrence,MT,1654732169,36.0553,14.204,66,82,72.86,5.01
Saint George,US,1654731894,37.1041,-113.5841,0,13,104.63,13.8
Klaksvík,FO,1654732169,62.2266,-6.589,65,77,47.32,21.94
Port Blair,IN,1654732150,11.6667,92.75,100,89,78.84,8.05
Yarmouth,US,1654732170,41.7057,-70.2286,0,89,71.96,11.5
Hobart,AU,1654732170,-42.8794,147.3294,40,70,49.86,24.16
Mildura,AU,1654732072,-34.2,142.15,100,91,50.07,11.14
Hyères,FR,1654732171,43.1167,6.1167,0,46,74.95,13.8
Guaramirim,BR,1654732171,-26.4731,-49.0028,99,98,64.13,1.16
Nichinan,JP,1654732172,31.6,131.3667,85,82,73.08,7.14
Saint-Philippe,RE,1654732172,-21.3585,55.7679,88,82,67.59,13.62
Albany,US,1654731900,42.6001,-73.9662,35,62,70.18,4.83
Yangi Marg`ilon,UZ,1654732173,40.4272,71.7189,83,35,72.32,6.91
Ostrovnoy,RU,1654732173,68.0531,39.5131,81,60,51.13,13.62
Aquiraz,BR,1654732173,-3.9014,-38.3911,71,87,81.18,5.61
Arlit,NE,1654732174,18.7369,7.3853,0,11,87.3,7.87
Muzhi,RU,1654732174,65.3667,64.6667,51,49,58.62,4.5
Constitución,CL,1654731956,-35.3333,-72.4167,48,85,51.28,6.98
Khatanga,RU,1654732175,71.9667,102.5,99,71,43.88,8.81
Abu Samrah,SY,1654732176,35.3029,37.1841,0,67,67.26,9.4
Mokhsogollokh,RU,1654732176,61.4681,128.9203,38,54,71.53,3.38
Beyneu,KZ,1654732176,45.3167,55.2,13,44,69.76,7.67
General Roca,AR,1654732177,-39.0333,-67.5833,45,34,54.63,25.37
Dingle,PH,1654731928,10.9995,122.6711,100,78,82.06,4.56
Chui,UY,1654732177,-33.6971,-53.4616,39,87,55.78,3.31
Mitchellville,US,1654732178,38.9251,-76.7428,75,81,80.78,5.75
Faya,SA,1654732178,18.3851,42.4509,70,27,66.31,4.72
São Filipe,CV,1654732179,14.8961,-24.4956,6,87,72.79,7.92
Clyde River,CA,1654732179,70.4692,-68.5914,100,100,32.23,9.22
Beidao,CN,1654732180,34.5686,105.8933,100,75,67.06,1.9
Port Huron,US,1654731940,42.9709,-82.4249,100,84,60.06,5.75
Aklavik,CA,1654732181,68.2191,-135.0107,100,60,41.94,13.65
Alta Floresta,BR,1654732181,-9.8756,-56.0861,76,52,78.57,3.15
Souillac,MU,1654732181,-20.5167,57.5167,40,88,71.98,4.61
Carnarvon,AU,1654732182,-24.8667,113.6333,75,94,62.67,14.97
Yeppoon,AU,1654732182,-23.1333,150.7333,11,48,56.98,7.36
Chokurdakh,RU,1654732182,70.6333,147.9167,97,55,47.61,9.95
Sistranda,NO,1654732183,63.7256,8.834,99,75,46.36,20.69
Samaná,DO,1654732183,19.2056,-69.3369,31,88,82.36,9.04
Mar del Plata,AR,1654732184,-38.0023,-57.5575,100,100,48.09,6.91
Grindavik,IS,1654732184,63.8424,-22.4338,75,71,51.75,11.5
Upernavik,GL,1654732184,72.7868,-56.1549,100,91,35.15,9.4
Kasane,BW,1654732185,-17.8167,25.15,0,47,49.87,5.41
Kavieng,PG,1654732185,-2.5744,150.7967,21,59,83.73,7.56
Santa Cruz de Barahona,DO,1654732185,18.2085,-71.1008,75,79,84.02,9.22
La Asuncion,VE,1654732084,11.0333,-63.8628,39,94,74.93,10.36
Severo-Kuril'sk,RU,1654732186,50.6789,156.125,100,85,43.66,4.97
Kostomuksha,RU,1654732186,64.571,30.5767,100,74,53.06,3.96
Acarí,PE,1654732187,-15.4311,-74.6158,59,87,64.44,4.74
Kruisfontein,ZA,1654732187,-34.0033,24.7314,1,37,63.18,13.8
Abay,KZ,1654732188,49.6311,72.8539,99,26,70.18,10.76
Praia da Vitória,PT,1654732135,38.7333,-27.0667,20,83,68.25,10.65
Ust'-Shonosha,RU,1654732188,61.1531,41.343,88,79,51.91,3.47
Torbay,CA,1654732188,47.6666,-52.7314,40,79,41.29,9.22
Dūngarpur,IN,1654732189,23.8333,73.7167,2,67,82.35,13.42
Sorong,ID,1654732189,-0.8833,131.25,73,78,81.39,4.97
Manga,BF,1654732189,11.6636,-1.0731,26,42,86.05,2.73
Cestas,FR,1654732190,44.7435,-0.6791,40,91,57.13,5.75
Fortuna,US,1654732190,40.5982,-124.1573,0,75,65.86,19.57
Half Moon Bay,US,1654732140,37.4636,-122.4286,100,78,83.88,21.85
Tigzirt,DZ,1654732191,36.8886,4.1198,100,51,73.29,5.61
Mazamari,PE,1654732191,-11.3258,-74.5308,89,79,74.68,0.89
Hithadhoo,MV,1654732191,-0.6,73.0833,100,73,82.22,2.64
Baley,RU,1654732192,51.6,116.6333,56,39,67.37,1.79
Flin Flon,CA,1654732193,54.7682,-101.865,40,30,69.64,4.61
Sakakah,SA,1654732193,29.9697,40.2064,0,16,83.77,6.78
Malbork,PL,1654732193,54.0359,19.0266,24,92,61.88,5.91
Lüderitz,NA,1654732194,-26.6481,15.1594,0,41,63.52,7.23
Puerto Ayora,EC,1654732194,-0.7393,-90.3518,36,91,71.55,5.99
Hong Kong,HK,1654732195,22.2855,114.1577,100,89,82.45,5.99
Turukhansk,RU,1654732195,65.8167,87.9833,8,64,45.03,5.19
Camaná,PE,1654732195,-16.6228,-72.7111,97,88,63.14,7.38
Lompoc,US,1654732196,34.6391,-120.4579,0,69,82.02,35.01
Banjar,ID,1654732196,-8.19,114.9675,73,83,79.66,2.82
Hobyo,SO,1654732198,5.3505,48.5268,100,67,80.6,21.41
Lagoa,PT,1654732198,39.05,-27.9833,25,91,64.35,20.71
Yulara,AU,1654732198,-25.2406,130.9889,56,60,50.04,13.13
Iskateley,RU,1654732199,67.6803,53.1512,73,63,51.71,5.99
Saint-Augustin,CA,1654732199,51.226,-58.6502,100,47,53.17,10.89
San Cristobal,VE,1654732199,7.7669,-72.225,98,89,73.58,2.08
Erenhot,CN,1654732200,43.6475,111.9767,67,30,67.98,28.14
Cabo San Lucas,MX,1654732200,22.8909,-109.9124,11,67,83.61,13.18
Mundo Nuevo (Ojo de Agua),MX,1654732201,18.7,-95.5,99,74,84.78,13.69
Trairi,BR,1654731947,-3.2778,-39.2689,89,85,76.32,6.53
Valentín Gómez Farías,MX,1654732201,28.2167,-106.5833,90,33,78.53,27.2
Hilo,US,1654732202,19.7297,-155.09,20,69,87.28,12.66
Yerbogachën,RU,1654732202,61.2767,108.0108,98,58,52.99,4.65
Makakilo City,US,1654732203,21.3469,-158.0858,0,58,83.95,19.57
Karligan,PH,1654732203,14.975,122.0456,92,74,84.42,4.36
Yantal',RU,1654732204,56.8471,105.2542,100,77,47.64,2.46
Dodoma,TZ,1654732204,-6.1722,35.7395,59,67,62.1,6.6
Fethiye,TR,1654732205,36.6217,29.1164,0,61,66.07,2.55
La Macarena,CO,1654732205,2.1837,-73.7849,51,97,72.72,3.27
Labytnangi,RU,1654732206,66.6572,66.4183,3,47,60.4,4.36
Urusha,RU,1654732206,54.05,122.9,29,55,68.74,5.39
Ambilobe,MG,1654732206,-13.2,49.05,3,92,66.92,2.95
Nanortalik,GL,1654731921,60.1432,-45.2371,47,83,40.03,4.07
Arraial do Cabo,BR,1654732207,-22.9661,-42.0278,41,85,70.93,4.03
Naryan-Mar,RU,1654732207,67.6713,53.087,72,64,51.78,6.06
Khovd,MN,1654732208,48.0056,91.6419,6,29,58.53,2.33
Lorengau,PG,1654732209,-2.0226,147.2712,77,64,84.6,7.25
Tsuruoka,JP,1654732209,38.7217,139.8217,75,77,62.64,8.05
Faanui,PF,1654732209,-16.4833,-151.75,22,75,79.2,8.03
Ust-Kuyga,RU,1654732211,70.0167,135.6,5,28,58.05,7.96
Mahébourg,MU,1654732211,-20.4081,57.7,40,88,71.89,4.61
Dikson,RU,1654732211,73.5069,80.5464,79,85,31.87,4.36
Beloha,MG,1654732001,-25.1667,45.05,11,75,59.56,6.89
Bang Lamung,TH,1654732213,13.047,100.9289,100,80,88.09,9.04
Sirte,LY,1654732213,31.2089,16.5887,0,74,74.73,5.53
Morón,AR,1654732214,-34.6534,-58.6198,38,99,51.55,3.13
Anshun,CN,1654732214,26.25,105.9333,100,92,64.54,5.01
Broken Hill,AU,1654732214,-31.95,141.4333,3,63,49.68,10.2
Muros,ES,1654732215,42.7762,-9.0603,98,91,66.16,2.24
Verkhnyaya Inta,RU,1654732215,65.9811,60.3094,6,73,55.17,8.97
Nioro,GM,1654732215,13.35,-15.75,81,68,82.63,10.63
Riyadh,SA,1654732216,24.6877,46.7219,0,9,91.54,5.17
Zhuhai,CN,1654732216,22.2769,113.5678,40,94,82.18,4.61
Lebu,CL,1654732217,-37.6167,-73.65,95,89,52.97,7.47
Pangnirtung,CA,1654732217,66.1451,-65.7125,69,81,37.85,3.71
Mananjary,MG,1654732217,-21.2167,48.3333,100,90,68.47,5.28
Atar,MR,1654732218,20.5169,-13.0499,99,20,92.91,4.85
Caravelas,BR,1654732218,-17.7125,-39.2481,0,93,70.7,5.99
Mersin Province,TR,1654732218,36.862,34.6509,52,83,72.3,2.91
Vila Velha,BR,1654732219,-20.3297,-40.2925,0,89,71.55,3.44
Port Elizabeth,ZA,1654732219,-33.918,25.5701,0,45,64.31,8.05
Mandalgovi,MN,1654732220,45.7625,106.2708,3,58,49.37,12.17
Tuatapere,NZ,1654732220,-46.1333,167.6833,58,83,48.51,4.94
Hofn,IS,1654732220,64.2539,-15.2082,95,78,47.84,7.9
Bilibino,RU,1654732221,68.0546,166.4372,84,43,61.59,8.55
San Carlos del Zulia,VE,1654732221,9.0,-71.9135,29,79,78.21,4.68
Mossamedes,AO,1654732221,-15.1961,12.1522,27,59,71.29,1.39
Marawi,PH,1654732222,7.9986,124.2928,100,84,74.05,0.81
Newport,GB,1654732222,51.5877,-2.9984,45,84,59.45,7.36
Kinablangan,PH,1654732222,7.6947,126.5503,100,72,81.86,2.15
Siteki,SZ,1654732223,-26.45,31.95,0,94,59.0,5.75
Prince Rupert,CA,1654732223,54.3161,-130.3201,100,67,57.29,12.66
Marystown,CA,1654732223,47.1666,-55.1483,96,100,52.86,5.14
Cayenne,GF,1654732224,4.9333,-52.3333,20,1,83.08,1.14
Waingapu,ID,1654732224,-9.6567,120.2641,93,77,81.36,12.44
Iqaluit,CA,1654731990,63.7506,-68.5145,75,53,47.93,3.44
Nicoya,CR,1654732225,10.1483,-85.452,100,92,75.2,3.42
Fuerte Olimpo,PY,1654732225,-21.0415,-57.8738,44,96,66.4,4.07
Coahuayana Viejo,MX,1654732225,18.7333,-103.6833,93,67,82.85,6.22
Jaitāran,IN,1654732226,26.2031,73.9364,4,57,81.91,19.44
Salamiyah,SY,1654732226,35.0113,37.0532,0,79,65.77,9.26
Ürümqi,CN,1654732227,43.801,87.6005,0,28,70.75,6.71
Bitung,ID,1654732227,1.4451,125.1824,69,75,79.65,4.12
Saldanha,ZA,1654732228,-33.0117,17.9442,24,91,59.05,9.75
Paphos,CY,1654732228,34.7667,32.4167,0,78,69.58,6.91
Gizo Government Station,SB,1654732228,-8.103,156.8419,99,72,82.62,4.94
Longyearbyen,SJ,1654732229,78.2186,15.6401,75,75,39.04,9.22
Tibú,CO,1654732229,8.639,-72.7358,74,93,73.99,2.53
Jegălia,RO,1654732229,44.3,27.6333,84,85,65.05,1.36
Norman Wells,CA,1654732230,65.282,-126.8329,100,93,46.44,5.75
São Simão,BR,1654732230,-21.4792,-47.5508,90,94,66.65,2.64
Kaeo,NZ,1654732230,-35.1,173.7833,100,95,61.32,13.15
St. George's,GD,1654732232,12.0564,-61.7485,75,83,82.08,11.5
Road Town,VG,1654732232,18.4167,-64.6167,40,74,82.49,8.05
Khujand,TJ,1654732232,40.2853,69.6279,28,53,74.48,8.95
Cap Malheureux,MU,1654732233,-19.9842,57.6142,13,78,69.48,3.0
Humaitá,BR,1654732233,-7.5061,-63.0208,70,90,74.57,1.14
Virginia Beach,US,1654731830,36.8529,-75.978,75,79,81.01,8.05
Preeceville,CA,1654732233,51.95,-102.6677,78,72,58.48,4.85
Vilyuysk,RU,1654732234,63.7553,121.6247,59,57,70.93,6.24
Chowchilla,US,1654732234,37.123,-120.2602,98,24,99.01,15.03
Kuah,MY,1654732235,6.3265,99.8432,20,89,78.78,3.44
Aykhal,RU,1654732235,66.0,111.5,14,44,54.0,6.91
Bolshaya Sosnova,RU,1654732235,57.6713,54.6029,100,93,49.91,12.12
Esperance,AU,1654732236,-33.8667,121.9,32,76,51.73,13.91
Katsuura,JP,1654732236,35.1333,140.3,91,85,66.13,11.88
Edson,CA,1654732236,53.5835,-116.4356,40,59,62.74,6.91
Bhisho,ZA,1654732237,-32.8472,27.4422,0,35,58.41,6.73
Sambava,MG,1654732237,-14.2667,50.1667,12,82,70.29,9.55
Rolla,US,1654732237,37.9514,-91.7713,20,71,74.52,8.05
Kaputa,ZM,1654732238,-8.4689,29.6619,67,72,61.07,3.67
Warrnambool,AU,1654732238,-38.3833,142.4833,100,76,53.82,19.98
Jaisalmer,IN,1654731962,26.9147,70.9181,0,71,78.66,24.09
Kaabong,UG,1654732239,3.4836,34.1492,57,86,60.31,1.66
San Patricio,US,1654732239,28.017,-97.5169,2,58,92.12,16.4
Puerto Madryn,AR,1654732136,-42.7692,-65.0385,33,48,57.09,25.86
Dukat,RU,1654732240,62.55,155.55,86,56,48.18,12.39
Bolshoye Nagatkino,RU,1654732240,54.5196,47.9679,93,88,51.37,8.21
Burnie,AU,1654732182,-41.0667,145.9167,67,67,52.92,14.61
Melilla,ES,1654732240,35.2937,-2.9383,0,39,82.78,14.97
Uruaçu,BR,1654732241,-14.5247,-49.1408,5,43,72.61,1.72
Wad Rāwah,SD,1654732241,15.1603,33.1397,70,49,84.74,15.46
Parakou,BJ,1654732241,9.3372,2.6303,47,88,72.41,2.21
Aldan,RU,1654732242,58.6031,125.3894,63,43,69.96,1.21
Santa Isabel Rio Negro,BR,1654732242,-0.4139,-65.0192,52,93,73.98,1.23
Eslöv,SE,1654732242,55.8393,13.3039,75,92,56.43,5.48
Vestmanna,FO,1654732243,62.1564,-7.1664,75,53,45.52,2.3
Kuchinda,IN,1654732243,21.7333,84.35,88,90,79.09,4.81
Kemijärvi,FI,1654732243,66.7131,27.4306,99,80,49.69,3.27
Benin,BJ,1654732244,9.5,2.25,66,80,74.98,6.46
Necochea,AR,1654732085,-38.5473,-58.7368,28,61,52.63,8.99
Sindor,RU,1654732244,62.8629,51.8905,0,54,51.15,4.43
Carballo,ES,1654732245,43.213,-8.691,94,93,65.01,0.63
Edéa,CM,1654732245,3.8,10.1333,100,99,72.66,0.74
Rocha,UY,1654732245,-34.4833,-54.3333,4,94,49.06,3.06
Elyria,US,1654732084,41.3684,-82.1077,75,83,72.0,14.97
Umluj,SA,1654732246,25.0213,37.2685,0,45,85.19,8.14
Labuhan,ID,1654732246,-6.8844,112.2051,100,82,78.22,5.12
Kasongo-Lunda,CD,1654732246,-6.4667,16.8167,46,52,65.77,0.83
Hasaki,JP,1654732247,35.7333,140.8333,91,83,63.28,15.64
Amstetten,AT,1654732247,48.1229,14.8721,39,96,61.79,10.96
Pacifica,US,1654732247,37.6138,-122.4869,75,79,78.24,21.85
Mariāhu,IN,1654732248,25.6167,82.6167,79,19,87.76,3.31
Yar-Sale,RU,1654732248,66.8333,70.8333,8,52,55.09,4.23
Lipin Bor,RU,1654732248,60.2622,37.9763,80,69,47.44,4.99
Narsaq,GL,1654732249,60.9167,-46.05,80,70,44.4,3.29
Glyadyanskoye,RU,1654732249,54.9075,65.0883,72,83,52.47,11.16
Strezhevoy,RU,1654732250,60.7333,77.5889,100,63,52.02,7.52
Sitka,US,1654732250,57.0531,-135.33,40,42,66.09,14.97
Oodweyne,SO,1654732250,9.4092,45.064,84,59,71.47,12.5
Bathsheba,BB,1654732251,13.2167,-59.5167,40,78,83.01,16.11
Guánica,PR,1654732251,17.9716,-66.908,36,85,82.06,6.38
Pahrump,US,1654732251,36.2083,-115.9839,1,11,103.24,8.01
Maceió,BR,1654731966,-9.6658,-35.7353,40,88,74.64,2.3
Mataram,ID,1654732252,-8.5833,116.1167,100,83,77.81,4.7
Kerema,PG,1654732252,-7.9631,145.7785,96,78,81.39,3.44
Porto Nacional,BR,1654732252,-10.7081,-48.4172,51,46,78.8,1.39
Cimarron Hills,US,1654732026,38.8586,-104.6989,20,37,74.1,23.02
Lubango,AO,1654732056,-14.9172,13.4925,11,47,50.86,4.9
Taihe,CN,1654732253,30.8712,105.3845,100,76,74.34,2.64
Dinguiraye,GN,1654732253,11.3,-10.7167,55,62,78.53,4.29
Gisborne,NZ,1654732254,-38.6533,178.0042,100,70,63.19,6.85
Margate,GB,1654732254,51.3813,1.3862,1,78,55.69,3.0
Isla Mujeres,MX,1654732254,21.2311,-86.731,100,84,84.16,12.5
Vaasa,FI,1654732202,63.096,21.6158,0,88,55.42,1.14
Neuquén,AR,1654732255,-38.9516,-68.0591,0,41,57.09,0.0
Nuuk,GL,1654732226,64.1835,-51.7216,2,65,41.97,7.36
Emerald,AU,1654732255,-23.5333,148.1667,1,62,53.74,17.27
San Jerónimo,PE,1654732255,-11.9472,-75.2829,34,73,51.22,5.64
Makariv,UA,1654732256,50.4641,29.8113,94,52,71.19,7.16
Pisco,PE,1654732256,-13.7,-76.2167,0,77,64.45,13.8
Acapulco de Juárez,MX,1654732234,16.8634,-99.8901,49,74,82.71,7.34
Olafsvik,IS,1654732070,64.8945,-23.7142,100,88,49.69,1.99
Río Cuarto,AR,1654732065,-33.1307,-64.3499,0,71,54.48,9.22
Messina,IT,1654732257,38.1933,15.5497,20,73,75.85,1.14
Marzuq,YE,1654732257,14.4,46.4667,68,44,76.69,5.46
Provideniya,RU,1654732257,64.3833,-173.3,0,66,50.36,7.0
Avera,US,1654732258,33.194,-82.5271,51,54,84.25,10.47
Puerto Ayacucho,VE,1654732258,5.6639,-67.6236,88,88,76.33,2.75
Deep River,CA,1654732258,46.1001,-77.4995,99,72,71.35,1.36
Conceição do Araguaia,BR,1654732259,-8.2578,-49.2647,21,61,75.31,3.49
Moerai,PF,1654732259,-22.4333,-151.3333,72,75,76.5,9.51
Paamiut,GL,1654732259,61.994,-49.6678,0,84,38.39,10.36
Khorixas,NA,1654732260,-20.3667,14.9667,0,31,57.87,8.68
Lincoln,US,1654732260,40.8,-96.667,20,44,80.01,13.8
Leningradskiy,RU,1654732261,69.3833,178.4167,14,66,39.29,15.66
Geraldton,AU,1654732261,-28.7667,114.6,92,77,61.21,17.27
Storslett,NO,1654732261,69.7678,21.0247,100,65,44.6,4.61
Keetmanshoop,NA,1654732262,-26.5833,18.1333,0,26,55.69,6.78
College,US,1654732231,64.8569,-147.8028,40,37,65.28,14.97
Saint-Pierre,RE,1654732262,-21.3393,55.4781,100,94,67.68,9.22
Emmett,US,1654731972,43.8735,-116.4993,95,53,75.2,5.19
High Level,CA,1654732263,58.5169,-117.136,40,27,75.31,12.66
Suba,PH,1654732263,10.8438,121.0102,99,71,83.95,3.04
Wajima,JP,1654732263,37.4,136.9,75,82,65.08,2.3
Niamey,NE,1654732240,13.5137,2.1098,0,45,88.09,5.75
Anadyr,RU,1654732264,64.75,177.4833,0,40,50.5,6.71
Naldurg,IN,1654732264,17.8167,76.3,92,73,76.19,13.06
Vostok,RU,1654732004,46.4856,135.8833,95,60,63.97,4.27
Kilindoni,TZ,1654732265,-7.9139,39.6668,15,76,78.03,16.17
Poros,GR,1654732265,37.4994,23.4536,50,76,66.85,7.94
Kayerkan,RU,1654732266,69.3497,87.7602,94,86,39.52,3.31
Brae,GB,1654732266,60.3964,-1.353,97,85,49.68,16.73
Nakamura,JP,1654732266,32.9833,132.9333,89,71,73.2,4.05
Buenaventura,CO,1654732267,3.8801,-77.0312,84,95,74.26,3.2
Mareeba,AU,1654732267,-17.0,145.4333,100,81,72.48,3.78
Thinadhoo,MV,1654732267,0.5333,72.9333,99,73,82.36,3.69
Biak,ID,1654732268,-0.9131,122.8766,75,79,79.36,3.13
Krasnyy Yar,RU,1654732268,46.5331,48.3456,35,33,66.13,2.75
Roald,NO,1654732268,62.5833,6.1333,66,87,51.91,21.85
Tongliao,CN,1654732269,43.6125,122.2653,98,71,62.35,6.51
Manjacaze,MZ,1654732269,-24.7117,33.8828,11,80,58.64,2.24
Kumul,CN,1654732269,42.8,93.45,0,15,74.37,8.5
Lata,PT,1654732270,40.1629,-8.3327,99,96,66.07,3.44
Ormara,PK,1654732270,25.2088,64.6357,4,87,80.87,17.47
Belmonte,BR,1654732270,-15.8631,-38.8828,0,83,72.97,7.38
Langsa,ID,1654732271,4.4683,97.9683,96,95,74.32,2.19
Mana,GF,1654732271,5.6592,-53.7767,100,87,77.83,8.39
Deputatsky,RU,1654732271,69.3,139.9,6,44,43.99,13.04
Srednekolymsk,RU,1654732082,67.45,153.6833,84,42,54.99,10.38
Tarakan,ID,1654732272,3.3,117.6333,75,89,81.9,5.75
Gigmoto,PH,1654732272,13.7796,124.39,100,75,84.24,6.53
Nome,US,1654732273,64.5011,-165.4064,0,53,68.16,5.75
Toamasina,MG,1654732273,-18.1667,49.3833,40,94,68.0,5.75
Mayor Pablo Lagerenza,PY,1654732273,-19.9309,-60.7718,84,88,65.41,6.15
Ahipara,NZ,1654732274,-35.1667,173.1667,100,83,60.73,15.7
Oussouye,SN,1654732274,12.485,-16.5469,17,78,82.58,6.89
Timrå,SE,1654732274,62.487,17.3257,100,87,53.28,4.61
Terrace,CA,1654732154,54.5163,-128.6035,75,55,64.31,17.27
Alekseyevsk,RU,1654732275,57.8406,108.3492,100,97,48.33,2.77
Makkah al Mukarramah,SA,1654732119,21.4267,39.8261,4,34,86.4,3.47
Brand-Erbisdorf,DE,1654732275,50.8667,13.3333,98,93,61.12,5.77
Ghanzi,BW,1654732276,-21.5667,21.7833,0,30,47.12,5.32
Nara,JP,1654732276,34.6851,135.8049,1,46,72.97,3.83
Maragogi,BR,1654732276,-9.0122,-35.2225,13,83,75.94,5.68
Lavrentiya,RU,1654732277,65.5833,-171.0,3,53,43.0,6.26
Kawalu,ID,1654732277,-7.3817,108.2082,92,94,72.73,1.05
Zabul Province,AF,1654732277,32.25,67.25,1,14,65.25,3.53
Smithers,CA,1654732278,54.7804,-127.1743,40,51,62.92,4.61
La Ronge,CA,1654732278,55.1001,-105.2842,20,21,73.62,9.22
Ca Mau,VN,1654732006,9.1769,105.15,91,79,81.99,4.5
Mosquera,CO,1654732279,4.7059,-74.2302,20,77,57.29,6.91
Fort Nelson,CA,1654732279,58.8053,-122.7002,75,82,58.59,4.61
Guerrero Negro,MX,1654732002,27.9769,-114.0611,25,66,69.1,16.11
Oistins,BB,1654732011,13.0667,-59.5333,40,78,82.49,16.11
Piombino,IT,1654732280,42.9348,10.5221,80,64,71.65,1.01
Dakar,SN,1654732164,14.6937,-17.4441,40,83,78.93,9.22
Dombasle-sur-Meurthe,FR,1654732280,48.6252,6.3497,75,92,58.41,5.75
Makīnsk,KZ,1654732281,52.6292,70.4169,89,69,55.81,6.58
Kāmyārān,IR,1654732281,34.7956,46.9355,0,35,61.3,1.01
Ulverstone,AU,1654732281,-41.15,146.1667,77,58,53.19,10.0
Vanimo,PG,1654732282,-2.6741,141.3028,81,74,82.38,4.85
Hamilton,US,1654732028,39.1834,-84.5333,100,92,76.51,10.36
Henties Bay,NA,1654732282,-22.116,14.2845,0,38,67.66,8.68
Pierre,US,1654732238,44.3683,-100.351,0,49,72.52,8.05
Maryborough,AU,1654732283,-25.5333,152.7,0,46,54.1,5.59
Petropavlovsk-Kamchatskiy,RU,1654732283,53.0452,158.6483,75,62,50.59,6.71
Sørland,NO,1654732284,67.667,12.6934,9,76,44.42,19.04
Vila Franca do Campo,PT,1654732284,37.7167,-25.4333,55,93,66.61,5.79
Estrela,BR,1654732284,-28.0611,-50.9383,42,96,54.41,3.38
Sarab,IR,1654732285,38.6066,44.9883,8,46,68.23,1.54
Mount Gambier,AU,1654732285,-37.8333,140.7667,100,82,52.05,10.38
Aloleng,PH,1654732285,16.1307,119.7824,91,75,82.99,5.19
Fort Collins,US,1654732123,40.5853,-105.0844,0,29,82.04,8.99
Brigantine,US,1654732286,39.4101,-74.3646,46,84,77.2,10.29
Shalakusha,RU,1654732286,62.2247,40.2539,100,77,55.02,3.87
Araouane,ML,1654732286,18.9048,-3.5265,57,19,91.67,2.37
Bohicon,BJ,1654732287,7.1783,2.0667,33,89,75.88,6.15
Scarborough,GB,1654732252,54.2797,-0.4044,0,86,54.34,4.0
San Antonio,US,1654732121,29.4241,-98.4936,0,33,100.92,14.97
Novoagansk,RU,1654732287,61.9449,76.6625,100,62,52.83,7.38
Baruun-Urt,MN,1654732288,46.6806,113.2792,92,40,61.7,9.71
Whitehorse,CA,1654732288,60.7161,-135.0538,40,26,74.01,8.05
Saint Anthony,US,1654732288,45.0205,-93.218,20,27,77.95,18.41
Auki,SB,1654732289,-8.7676,160.7034,100,67,84.51,3.2
Ancud,CL,1654732289,-41.8697,-73.8203,74,76,42.22,12.08
Great Yarmouth,GB,1654732289,52.6083,1.7305,0,91,56.07,11.18
Mahibadhoo,MV,1654732290,3.7833,72.9667,69,73,81.99,9.82
Tabas,IR,1654732290,33.5959,56.9244,12,12,87.03,5.91
Philadelphia,US,1654732125,39.9523,-75.1638,40,59,84.31,4.0
Pringsewu,ID,1654732291,-5.3582,104.9744,100,95,73.9,2.46
Olyka,UA,1654732291,50.7186,25.8125,22,77,62.92,7.56
Portland,US,1654731740,45.5234,-122.6762,75,37,77.14,4.61
Palmas,BR,1654732291,-10.2128,-48.3603,0,61,78.67,5.75
Rosarito,MX,1654732292,32.3333,-117.0333,18,70,77.63,6.17
Aljustrel,PT,1654732292,37.8776,-8.1652,100,88,69.67,9.78
Bilma,NE,1654732292,18.6853,12.9164,49,11,88.61,4.79
Padang,ID,1654732293,-0.9492,100.3543,100,88,73.45,2.86
Haines Junction,CA,1654732293,60.7522,-137.5108,100,28,69.75,4.61
Malindi,KE,1654732293,-3.2175,40.1191,78,76,78.53,16.98
Hohhot,CN,1654732040,40.8106,111.6522,0,34,66.49,4.47
Goderich,CA,1654732211,43.7501,-81.7165,100,67,61.12,8.05
Camacha,PT,1654732294,33.0833,-16.3333,75,83,65.62,9.22
Dembī Dolo,ET,1654732294,8.5333,34.8,53,88,56.53,2.42
Mednogorsk,RU,1654732295,51.4128,57.595,27,83,47.08,6.91
Ilulissat,GL,1654732295,69.2167,-51.1,100,67,39.96,3.27
Senneterre,CA,1654732295,48.3835,-77.2328,95,81,58.59,3.42
Cockburn Town,TC,1654732296,21.4612,-71.1419,40,74,82.36,9.22
Omboué,GA,1654732296,-1.5746,9.2618,80,90,72.99,7.2
Shahr-e Bābak,IR,1654732296,30.1165,55.1186,5,19,74.25,2.8
Verkhnetulomskiy,RU,1654732297,68.6073,31.7962,100,88,50.13,1.9
Raudeberg,NO,1654732297,61.9875,5.1352,15,91,50.67,15.68
Kontagora,NG,1654732297,10.3999,5.4695,31,63,77.83,6.71
Honiara,SB,1654732249,-9.4333,159.95,100,83,80.44,2.86
Tanout,NE,1654732298,14.9709,8.8879,20,14,86.23,8.79
Clarence Town,AU,1654732298,-32.5833,151.7833,0,56,54.99,13.49
Mbandaka,CD,1654732298,0.0487,18.2603,100,83,69.01,3.2
Khasan,RU,1654732299,42.4308,130.6434,43,79,57.2,4.74
Hokitika,NZ,1654732299,-42.7167,170.9667,100,82,51.98,12.97
Valréas,FR,1654732299,44.3837,4.9908,72,75,64.67,12.08
Corrente,BR,1654732300,-3.7367,-43.3394,99,98,72.09,2.66
Santa Marinella,IT,1654732300,42.0345,11.8536,96,68,72.7,6.69
Dajal,PK,1654732300,29.5577,70.3762,0,10,91.6,10.2
Rundu,NA,1654732301,-17.9333,19.7667,0,37,46.2,6.33
Matagami,CA,1654732057,49.7502,-77.6328,75,63,64.51,2.3
Gunjur,GM,1654732301,13.2019,-16.7339,40,89,80.67,5.75
Cravo Norte,CO,1654732302,6.3017,-70.2041,100,90,75.2,5.37
Casper,US,1654732302,42.8666,-106.3131,20,26,79.72,6.91
Lakota,CI,1654732303,5.8528,-5.6883,68,97,70.07,3.13
Sibolga,ID,1654732303,1.7427,98.7792,97,89,74.88,3.65
Xingyi,CN,1654732303,24.1877,102.817,100,95,63.45,2.68
Buraidah,SA,1654732304,26.326,43.975,0,7,86.45,5.39
Tangwani,PK,1654732304,28.2787,68.9972,0,38,87.73,8.12
Ikoma,JP,1654732304,34.6833,135.7,0,57,72.07,2.3
Acaraú,BR,1654732305,-2.8856,-40.12,35,83,77.02,11.39
Hihyā,EG,1654732305,30.6713,31.588,0,59,73.78,7.61
Lātehār,IN,1654732305,23.75,84.5,87,40,83.84,4.45
Jackson,US,1654732306,42.4165,-122.8345,0,23,83.75,8.05
Srīvardhan,IN,1654732306,18.0333,73.0167,93,80,82.33,1.83
Moses Lake,US,1654732306,47.1301,-119.2781,0,22,79.16,11.5
Safaga,EG,1654732307,26.7292,33.9365,0,36,85.64,10.42
Ust'-Kan,RU,1654732307,50.9276,84.761,7,72,50.07,2.42
Karlstad,SE,1654732307,59.3793,13.5036,100,82,54.16,6.91
Yambio,SS,1654732308,4.5721,28.3955,96,94,66.42,3.11
Jinhua,CN,1654732308,29.1078,119.6547,100,72,75.87,3.4
Muli,MV,1654732308,2.9167,73.5667,92,73,82.08,8.48
Oksbøl,DK,1654732309,55.6268,8.2876,97,93,57.31,6.46
Stromness,GB,1654732309,58.965,-3.296,100,84,49.96,5.01
Mosetse,BW,1654732309,-20.75,26.65,0,63,49.93,13.11
Beatrice,US,1654732310,40.2681,-96.747,40,44,78.19,11.5
Nāgar Karnūl,IN,1654732310,16.4821,78.3247,86,64,78.87,13.33
‘Ewa Beach,US,1654732310,21.3156,-158.0072,0,58,85.37,19.57
Codrington,AU,1654732311,-38.2667,141.9667,100,76,54.19,18.16
Coxim,BR,1654732311,-18.5067,-54.76,99,92,69.06,6.13
Vestmannaeyjar,IS,1654732311,63.4427,-20.2734,100,79,49.44,19.93
Bermejo,AR,1654732312,-32.8833,-68.8,0,47,57.11,3.44
Cap-aux-Meules,CA,1654732312,47.3821,-61.8597,100,71,53.65,8.05
Ligayan,PH,1654732313,4.6533,119.4706,94,72,83.43,6.02
Shelburne,CA,1654732313,44.0787,-80.2041,98,67,61.59,2.82
Kalangala,UG,1654732313,-0.3089,32.225,98,70,69.91,2.42
Bagdarin,RU,1654732314,54.4333,113.6,20,61,59.83,1.5
Kalmunai,LK,1654732314,7.4167,81.8167,100,75,79.84,6.42
Inhambane,MZ,1654732314,-23.865,35.3833,79,61,67.05,6.44
Laguna,US,1654732315,38.421,-121.4238,0,38,96.15,10.36
Fukuechō,JP,1654732315,32.6881,128.8419,0,83,70.16,8.05
Shimoda,JP,1654732315,34.6667,138.95,77,83,68.36,9.42
Xining,CN,1654732316,36.6167,101.7667,98,74,52.54,3.76
Nchelenge,ZM,1654732316,-9.3451,28.734,18,71,58.48,7.67
Porto-Novo,BJ,1654732316,6.4965,2.6036,58,88,82.22,7.25
Winona,US,1654732317,43.9666,-91.7668,40,56,71.8,0.0
Ōdachō-ōda,JP,1654732317,35.1833,132.5,4,69,66.97,3.4
Jalalabad,AF,1654732317,34.4265,70.4515,84,18,84.38,4.97
Barra dos Coqueiros,BR,1654732318,-10.9089,-37.0386,20,94,75.22,3.44
Port-Gentil,GA,1654732318,-0.7193,8.7815,40,94,75.16,4.61
Vanderhoof,CA,1654732318,54.0166,-124.0198,48,48,63.37,9.86
Takoradze,GH,1654732319,4.8845,-1.7554,34,84,78.19,8.79
Coyhaique,CL,1654732319,-45.5752,-72.0662,75,93,36.21,4.61
Nianzishan,CN,1654732319,47.5167,122.8833,6,46,69.93,4.25
Lokosovo,RU,1654732320,61.1333,74.8167,100,86,50.83,12.75
Lázaro Cárdenas,MX,1654732320,17.9583,-102.2,78,68,82.22,10.83
Horconcitos,PA,1654732320,8.4682,-81.8007,99,98,67.66,3.4
Nouadhibou,MR,1654732321,20.931,-17.0347,72,82,68.05,11.34
Arrondissement du Havre,FR,1654732321,49.5833,0.3333,75,88,57.6,17.27
Les Cayes,HT,1654732321,18.2,-73.75,80,81,78.01,4.54
Danané,CI,1654732322,7.2596,-8.155,58,96,69.44,1.74
Qasigiannguit,GL,1654732318,68.8193,-51.1922,99,75,37.98,0.29
Rensvik,NO,1654732322,63.1,7.8167,100,76,47.86,14.97
Mersing,MY,1654732322,2.4312,103.8405,40,94,75.11,4.61
Atambua,ID,1654732323,-9.1061,124.8925,84,86,74.21,7.07
Baykit,RU,1654732323,61.67,96.37,37,67,53.58,4.41
Kushiro,JP,1654732323,42.975,144.3747,75,81,49.15,4.61
Fort-Shevchenko,KZ,1654732324,44.5086,50.263,15,60,71.06,9.24
Chunoyar,RU,1654732324,57.4467,97.3217,61,68,53.6,3.38
Mahon,ES,1654732324,39.8885,4.2658,0,94,68.56,5.75
Urazovo,RU,1654732325,50.0836,38.0395,23,81,55.72,3.83
Qaqortoq,GL,1654732325,60.7167,-46.0333,83,78,41.94,4.09
Maningrida,AU,1654732325,-12.0667,134.2667,83,48,76.35,17.63
Kattivākkam,IN,1654732326,13.2167,80.3167,61,82,86.09,12.26
Port Hardy,CA,1654732326,50.6996,-127.4199,75,51,62.78,12.66
Staryy Nadym,RU,1654732326,65.6118,72.6842,90,52,59.49,6.35
Yangambi,CD,1654732327,0.8102,24.4336,98,94,67.86,1.39
Eydhafushi,MV,1654732327,5.1033,73.0708,62,74,81.64,7.11
Tunceli,TR,1654732328,39.1083,39.5471,75,64,67.06,3.76
Presidente Dutra,BR,1654732328,-5.29,-44.49,91,93,73.2,3.02
Klyuchi,RU,1654732328,52.2667,79.1667,100,54,62.19,13.35
Abbeville,FR,1654732329,50.1,1.8333,1,91,58.96,13.27
Buenos Aires,AR,1654732320,-34.6132,-58.3772,75,93,51.53,4.61
Meulaboh,ID,1654732329,4.1363,96.1285,100,93,75.97,3.42
Gambo,CF,1654732329,4.6482,22.2633,100,96,68.0,1.68
Vangaindrano,MG,1654732330,-23.35,47.6,99,86,66.2,5.84
Barvinkove,UA,1654732330,48.9097,37.0205,60,67,64.31,4.92
Taltal,CL,1654732330,-25.4,-70.4833,16,83,59.23,4.94
Carauari,BR,1654732072,-4.8828,-66.8958,97,98,73.47,1.5
Rome,US,1654732331,43.2128,-75.4557,80,66,68.95,0.96
Southbridge,US,1654732332,42.0751,-72.0334,60,73,70.74,3.38
Naze,JP,1654732150,28.3667,129.4833,100,79,72.52,5.32
Kinkala,CG,1654732333,-4.3614,14.7644,28,71,69.69,1.74
Ukiah,US,1654732212,39.1502,-123.2078,0,44,86.43,10.36
Broome,US,1654732085,42.2506,-75.833,80,58,68.67,1.01
North Bend,US,1654732333,43.4065,-124.2243,0,78,73.24,11.5
Årdalstangen,NO,1654732333,61.2371,7.6983,80,88,58.71,2.06
Severo-Yeniseyskiy,RU,1654732334,60.3725,93.0408,2,65,50.25,3.53
Viedma,AR,1654732334,-40.8135,-62.9967,20,45,55.99,17.18
Oktyabr'skiy,RU,1654732335,54.4815,53.471,100,98,51.08,8.7
Safi,MA,1654732335,32.2994,-9.2372,2,88,68.32,18.12
